+----------------------------------------------------------------------------------------------------------------------------------------------------------------------------------------------------------------------------------+
; Legal Partition Candidates                                                                                                                                                                                                       ;
+-----------------------------+-------+----------------+--------------+----------------+--------+-----------------+---------------+-----------------+-------+----------------+--------------+------------------+-------------------+
; Hierarchy                   ; Input ; Constant Input ; Unused Input ; Floating Input ; Output ; Constant Output ; Unused Output ; Floating Output ; Bidir ; Constant Bidir ; Unused Bidir ; Input only Bidir ; Output only Bidir ;
+-----------------------------+-------+----------------+--------------+----------------+--------+-----------------+---------------+-----------------+-------+----------------+--------------+------------------+-------------------+
; result                      ; 1603  ; 0              ; 576          ; 0              ; 65     ; 0               ; 0             ; 0               ; 0     ; 0              ; 0            ; 0                ; 0                 ;
; reg_buf                     ; 1603  ; 0              ; 0            ; 0              ; 1600   ; 0               ; 0             ; 0               ; 0     ; 0              ; 0            ; 0                ; 0                 ;
; ATS                         ; 1600  ; 0              ; 0            ; 0              ; 1600   ; 0               ; 0             ; 0               ; 0     ; 0              ; 0            ; 0                ; 0                 ;
; CU                          ; 7     ; 0              ; 0            ; 0              ; 5      ; 0               ; 0             ; 0               ; 0     ; 0              ; 0            ; 0                ; 0                 ;
; counter                     ; 3     ; 0              ; 0            ; 0              ; 5      ; 0               ; 0             ; 0               ; 0     ; 0              ; 0            ; 0                ; 0                 ;
; rnd_keccak|sm|iota_inst     ; 1605  ; 0              ; 0            ; 0              ; 1600   ; 0               ; 0             ; 0               ; 0     ; 0              ; 0            ; 0                ; 0                 ;
; rnd_keccak|sm|chi_inst      ; 1600  ; 0              ; 0            ; 0              ; 1600   ; 0               ; 0             ; 0               ; 0     ; 0              ; 0            ; 0                ; 0                 ;
; rnd_keccak|sm|pi_inst       ; 1600  ; 0              ; 0            ; 0              ; 1600   ; 0               ; 0             ; 0               ; 0     ; 0              ; 0            ; 0                ; 0                 ;
; rnd_keccak|sm|rho_inst      ; 1600  ; 0              ; 0            ; 0              ; 1600   ; 0               ; 0             ; 0               ; 0     ; 0              ; 0            ; 0                ; 0                 ;
; rnd_keccak|sm|theta_inst    ; 1600  ; 0              ; 0            ; 0              ; 1600   ; 0               ; 0             ; 0               ; 0     ; 0              ; 0            ; 0                ; 0                 ;
; rnd_keccak|sm               ; 1605  ; 0              ; 0            ; 0              ; 1600   ; 0               ; 0             ; 0               ; 0     ; 0              ; 0            ; 0                ; 0                 ;
; rnd_keccak                  ; 1607  ; 0              ; 0            ; 0              ; 1601   ; 0               ; 0             ; 0               ; 0     ; 0              ; 0            ; 0                ; 0                 ;
; STA                         ; 1600  ; 0              ; 0            ; 0              ; 1600   ; 0               ; 0             ; 0               ; 0     ; 0              ; 0            ; 0                ; 0                 ;
; xor_s                       ; 2689  ; 0              ; 0            ; 0              ; 1600   ; 0               ; 0             ; 0               ; 0     ; 0              ; 0            ; 0                ; 0                 ;
; mux_sel                     ; 3201  ; 1600           ; 0            ; 1600           ; 1600   ; 1600            ; 1600          ; 1600            ; 0     ; 0              ; 0            ; 0                ; 0                 ;
; serial_to_paralell_pad_inst ; 69    ; 0              ; 0            ; 0              ; 1090   ; 0               ; 0             ; 0               ; 0     ; 0              ; 0            ; 0                ; 0                 ;
+-----------------------------+-------+----------------+--------------+----------------+--------+-----------------+---------------+-----------------+-------+----------------+--------------+------------------+-------------------+
